7f45 4c46 0201 0100 0000 0000 0000 0000
0300 3e00 0100 0000 3008 0000 0000 0000
4000 0000 0000 0000 002c 0000 0000 0000
0000 0000 4000 3800 0900 4000 1d00 1c00
0600 0000 0400 0000 4000 0000 0000 0000
4000 0000 0000 0000 4000 0000 0000 0000
f801 0000 0000 0000 f801 0000 0000 0000
0800 0000 0000 0000 0300 0000 0400 0000
3802 0000 0000 0000 3802 0000 0000 0000
3802 0000 0000 0000 1c00 0000 0000 0000
1c00 0000 0000 0000 0100 0000 0000 0000
0100 0000 0500 0000 0000 0000 0000 0000
0000 0000 0000 0000 0000 0000 0000 0000
c80d 0000 0000 0000 c80d 0000 0000 0000
0000 2000 0000 0000 0100 0000 0600 0000
701d 0000 0000 0000 701d 2000 0000 0000
701d 2000 0000 0000 a002 0000 0000 0000
f004 0000 0000 0000 0000 2000 0000 0000
0200 0000 0600 0000 881d 0000 0000 0000
881d 2000 0000 0000 881d 2000 0000 0000
0002 0000 0000 0000 0002 0000 0000 0000
0800 0000 0000 0000 0400 0000 0400 0000
5402 0000 0000 0000 5402 0000 0000 0000
5402 0000 0000 0000 4400 0000 0000 0000
4400 0000 0000 0000 0400 0000 0000 0000
50e5 7464 0400 0000 080c 0000 0000 0000
080c 0000 0000 0000 080c 0000 0000 0000
5400 0000 0000 0000 5400 0000 0000 0000
0400 0000 0000 0000 51e5 7464 0600 0000
0000 0000 0000 0000 0000 0000 0000 0000
0000 0000 0000 0000 0000 0000 0000 0000
0000 0000 0000 0000 1000 0000 0000 0000
52e5 7464 0400 0000 701d 0000 0000 0000
701d 2000 0000 0000 701d 2000 0000 0000
9002 0000 0000 0000 9002 0000 0000 0000
0100 0000 0000 0000 2f6c 6962 3634 2f6c
642d 6c69 6e75 782d 7838 362d 3634 2e73
6f2e 3200 0400 0000 1000 0000 0100 0000
474e 5500 0000 0000 0300 0000 0200 0000
0000 0000 0400 0000 1400 0000 0300 0000
474e 5500 0649 ed04 f017 553f e819 4cab
4aec b8e6 df02 785d 0200 0000 0d00 0000
0100 0000 0600 0000 0000 1002 0100 0400
0d00 0000 0000 0000 1498 0c43 7396 0702
0000 0000 0000 0000 0000 0000 0000 0000
0000 0000 0000 0000 0d01 0000 2200 0000
0000 0000 0000 0000 0000 0000 0000 0000
6d00 0000 1200 0000 0000 0000 0000 0000
0000 0000 0000 0000 0001 0000 1200 0000
0000 0000 0000 0000 0000 0000 0000 0000
9900 0000 1200 0000 0000 0000 0000 0000
0000 0000 0000 0000 ef00 0000 1200 0000
0000 0000 0000 0000 0000 0000 0000 0000
7800 0000 1200 0000 0000 0000 0000 0000
0000 0000 0000 0000 db00 0000 1200 0000
0000 0000 0000 0000 0000 0000 0000 0000
1f00 0000 2000 0000 0000 0000 0000 0000
0000 0000 0000 0000 1c01 0000 1200 0000
0000 0000 0000 0000 0000 0000 0000 0000
1000 0000 2000 0000 0000 0000 0000 0000
0000 0000 0000 0000 3b00 0000 2000 0000
0000 0000 0000 0000 0000 0000 0000 0000
5500 0000 1200 0000 0000 0000 0000 0000
0000 0000 0000 0000 d100 0000 1100 1800
2020 2000 0000 0000 1001 0000 0000 0000
9000 0000 1100 1800 4021 2000 0000 0000
1801 0000 0000 0000 006c 6962 7374 6463
2b2b 2e73 6f2e 3600 5f5f 676d 6f6e 5f73
7461 7274 5f5f 005f 4954 4d5f 6465 7265
6769 7374 6572 544d 436c 6f6e 6554 6162
6c65 005f 4954 4d5f 7265 6769 7374 6572
544d 436c 6f6e 6554 6162 6c65 005f 5a4e
5374 3869 6f73 5f62 6173 6534 496e 6974
4431 4576 005f 5a4e 5369 7273 4552 6900
5f5a 4e53 7438 696f 735f 6261 7365 3449
6e69 7443 3145 7600 5f5a 5374 3363 696e
005f 5a53 746c 7349 5374 3131 6368 6172
5f74 7261 6974 7349 6345 4552 5374 3133
6261 7369 635f 6f73 7472 6561 6d49 6354
5f45 5335 5f50 4b63 005f 5a53 7434 636f
7574 005f 5a4e 536f 6c73 4569 006c 6962
632e 736f 2e36 005f 5f73 7461 636b 5f63
686b 5f66 6169 6c00 5f5f 6378 615f 6174
6578 6974 005f 5f63 7861 5f66 696e 616c
697a 6500 5f5f 6c69 6263 5f73 7461 7274
5f6d 6169 6e00 474c 4942 4358 585f 332e
3400 474c 4942 435f 322e 3400 474c 4942
435f 322e 322e 3500 0000 0200 0300 0200
0300 0400 0300 0300 0000 0200 0000 0000
0300 0300 0300 0000 0100 0100 0100 0000
1000 0000 2000 0000 7429 9208 0000 0300
2e01 0000 0000 0000 0100 0200 e500 0000
1000 0000 0000 0000 1469 690d 0000 0400
3a01 0000 1000 0000 751a 6909 0000 0200
4401 0000 0000 0000 701d 2000 0000 0000
0800 0000 0000 0000 3009 0000 0000 0000
781d 2000 0000 0000 0800 0000 0000 0000
1d0b 0000 0000 0000 801d 2000 0000 0000
0800 0000 0000 0000 f008 0000 0000 0000
0820 2000 0000 0000 0800 0000 0000 0000
0820 2000 0000 0000 d01f 2000 0000 0000
0600 0000 0100 0000 0000 0000 0000 0000
d81f 2000 0000 0000 0600 0000 0800 0000
0000 0000 0000 0000 e01f 2000 0000 0000
0600 0000 0900 0000 0000 0000 0000 0000
e81f 2000 0000 0000 0600 0000 0a00 0000
0000 0000 0000 0000 f01f 2000 0000 0000
0600 0000 0b00 0000 0000 0000 0000 0000
f81f 2000 0000 0000 0600 0000 0c00 0000
0000 0000 0000 0000 2020 2000 0000 0000
0500 0000 0d00 0000 0000 0000 0000 0000
4021 2000 0000 0000 0500 0000 0e00 0000
0000 0000 0000 0000 a01f 2000 0000 0000
0700 0000 0200 0000 0000 0000 0000 0000
a81f 2000 0000 0000 0700 0000 0300 0000
0000 0000 0000 0000 b01f 2000 0000 0000
0700 0000 0400 0000 0000 0000 0000 0000
b81f 2000 0000 0000 0700 0000 0500 0000
0000 0000 0000 0000 c01f 2000 0000 0000
0700 0000 0600 0000 0000 0000 0000 0000
c81f 2000 0000 0000 0700 0000 0700 0000
0000 0000 0000 0000 4883 ec08 488b 0545
1820 0048 85c0 7402 ffd0 4883 c408 c300
ff35 da17 2000 ff25 dc17 2000 0f1f 4000
ff25 da17 2000 6800 0000 00e9 e0ff ffff
ff25 d217 2000 6801 0000 00e9 d0ff ffff
ff25 ca17 2000 6802 0000 00e9 c0ff ffff
ff25 c217 2000 6803 0000 00e9 b0ff ffff
ff25 ba17 2000 6804 0000 00e9 a0ff ffff
ff25 b217 2000 6805 0000 00e9 90ff ffff
ff25 aa17 2000 6690 0000 0000 0000 0000
31ed 4989 d15e 4889 e248 83e4 f050 544c
8d05 6a03 0000 488d 0df3 0200 0048 8d3d
6b01 0000 ff15 8617 2000 f40f 1f44 0000
488d 3da9 1720 0055 488d 05a1 1720 0048
39f8 4889 e574 1948 8b05 5a17 2000 4885
c074 0d5d ffe0 662e 0f1f 8400 0000 0000
5dc3 0f1f 4000 662e 0f1f 8400 0000 0000
488d 3d69 1720 0048 8d35 6217 2000 5548
29fe 4889 e548 c1fe 0348 89f0 48c1 e83f
4801 c648 d1fe 7418 488b 0521 1720 0048
85c0 740c 5dff e066 0f1f 8400 0000 0000
5dc3 0f1f 4000 662e 0f1f 8400 0000 0000
803d 6119 2000 0075 2f48 833d cf16 2000
0055 4889 e574 0c48 8b3d fa16 2000 e80d
ffff ffe8 48ff ffff c605 3919 2000 015d
c30f 1f80 0000 0000 f3c3 660f 1f44 0000
5548 89e5 5de9 66ff ffff 5548 89e5 897d
ec89 75e8 8955 e448 894d d88b 45ec 3b45
e87f 658b 55ec 8b45 e801 d089 c2c1 ea1f
01d0 d1f8 8945 fc8b 45fc 4898 488d 1485
0000 0000 488b 45d8 4801 d08b 0039 45e4
7505 8b45 fceb 368b 45fc 4898 488d 1485
0000 0000 488b 45d8 4801 d08b 0039 45e4
7d0b 8b45 fc83 e801 8945 e8eb 9e8b 45fc
83c0 0189 45ec eb93 b8ff ffff ff5d c355
4889 e548 81ec d00f 0000 6448 8b04 2528
0000 0048 8945 f831 c0c7 8548 f0ff ff00
0000 0048 8d35 df01 0000 488d 3d2f 1620
00e8 eafd ffff 488d 8540 f0ff ff48 89c6
488d 3d39 1720 00e8 b4fd ffff 8b85 40f0
ffff 83e8 0189 854c f0ff ffc7 8544 f0ff
ff00 0000 008b 8540 f0ff ff39 8544 f0ff
ff7d 2f48 8d85 50f0 ffff 8b95 44f0 ffff
4863 d248 c1e2 0248 01d0 4889 c648 8d3d
ec16 2000 e867 fdff ff83 8544 f0ff ff01
ebc3 488d 3577 0100 0048 8d3d b015 2000
e86b fdff ff48 8d85 3cf0 ffff 4889 c648
8d3d ba16 2000 e835 fdff ff8b 953c f0ff
ff48 8d8d 50f0 ffff 8bb5 4cf0 ffff 8b85
48f0 ffff 89c7 e88f feff ff89 c648 8d3d
6c15 2000 e857 fdff ffb8 0000 0000 488b
4df8 6448 330c 2528 0000 0074 05e8 1efd
ffff c9c3 5548 89e5 4883 ec10 897d fc89
75f8 837d fc01 7532 817d f8ff ff00 0075
2948 8d3d 6117 2000 e803 fdff ff48 8d15
0415 2000 488d 354e 1720 0048 8b05 e614
2000 4889 c7e8 b6fc ffff 90c9 c355 4889
e5be ffff 0000 bf01 0000 00e8 a4ff ffff
5dc3 662e 0f1f 8400 0000 0000 0f1f 4000
4157 4156 4989 d741 5541 544c 8d25 1e12
2000 5548 8d2d 2612 2000 5341 89fd 4989
f64c 29e5 4883 ec08 48c1 fd03 e827 fcff
ff48 85ed 7420 31db 0f1f 8400 0000 0000
4c89 fa4c 89f6 4489 ef41 ff14 dc48 83c3
0148 39dd 75ea 4883 c408 5b5d 415c 415d
415e 415f c390 662e 0f1f 8400 0000 0000
f3c3 0000 4883 ec08 4883 c408 c300 0000
0100 0200 0000 0000 0045 6e74 6572 2073
697a 6520 6f66 2061 7272 6179 0000 0000
456e 7465 7220 7468 6520 656c 656d 656e
7420 796f 7520 7761 6e74 2074 6f20 7365
6172 6368 203a 0000 011b 033b 5400 0000
0900 0000 a8fb ffff a000 0000 18fc ffff
c800 0000 28fc ffff 7000 0000 32fd ffff
e000 0000 b7fd ffff 0001 0000 ccfe ffff
2001 0000 15ff ffff 4001 0000 38ff ffff
6001 0000 a8ff ffff a801 0000 0000 0000
1400 0000 0000 0000 017a 5200 0178 1001
1b0c 0708 9001 0710 1400 0000 1c00 0000
b0fb ffff 2b00 0000 0000 0000 0000 0000
1400 0000 0000 0000 017a 5200 0178 1001
1b0c 0708 9001 0000 2400 0000 1c00 0000
00fb ffff 7000 0000 000e 1046 0e18 4a0f
0b77 0880 003f 1a3b 2a33 2422 0000 0000
1400 0000 4400 0000 48fb ffff 0800 0000
0000 0000 0000 0000 1c00 0000 5c00 0000
4afc ffff 8500 0000 0041 0e10 8602 430d
0602 800c 0708 0000 1c00 0000 7c00 0000
affc ffff 1501 0000 0041 0e10 8602 430d
0603 1001 0c07 0800 1c00 0000 9c00 0000
a4fd ffff 4900 0000 0041 0e10 8602 430d
0602 440c 0708 0000 1c00 0000 bc00 0000
cdfd ffff 1500 0000 0041 0e10 8602 430d
0650 0c07 0800 0000 4400 0000 dc00 0000
d0fd ffff 6500 0000 0042 0e10 8f02 420e
188e 0345 0e20 8d04 420e 288c 0548 0e30
8606 480e 3883 074d 0e40 720e 3841 0e30
410e 2842 0e20 420e 1842 0e10 420e 0800
1000 0000 2401 0000 f8fd ffff 0200 0000
0000 0000 0000 0000 0000 0000 0000 0000
0000 0000 0000 0000 0000 0000 0000 0000
0000 0000 0000 0000 0000 0000 0000 0000
0000 0000 0000 0000 0000 0000 0000 0000
0000 0000 0000 0000 0000 0000 0000 0000
0000 0000 0000 0000 0000 0000 0000 0000
0000 0000 0000 0000 0000 0000 0000 0000
0000 0000 0000 0000 0000 0000 0000 0000
0000 0000 0000 0000 0000 0000 0000 0000
0000 0000 0000 0000 0000 0000 0000 0000
0000 0000 0000 0000 0000 0000 0000 0000
0000 0000 0000 0000 0000 0000 0000 0000
0000 0000 0000 0000 0000 0000 0000 0000
0000 0000 0000 0000 0000 0000 0000 0000
0000 0000 0000 0000 0000 0000 0000 0000
0000 0000 0000 0000 0000 0000 0000 0000
0000 0000 0000 0000 0000 0000 0000 0000
0000 0000 0000 0000 0000 0000 0000 0000
0000 0000 0000 0000 0000 0000 0000 0000
0000 0000 0000 0000 0000 0000 0000 0000
0000 0000 0000 0000 0000 0000 0000 0000
0000 0000 0000 0000 0000 0000 0000 0000
0000 0000 0000 0000 0000 0000 0000 0000
0000 0000 0000 0000 0000 0000 0000 0000
0000 0000 0000 0000 0000 0000 0000 0000
0000 0000 0000 0000 0000 0000 0000 0000
0000 0000 0000 0000 0000 0000 0000 0000
0000 0000 0000 0000 0000 0000 0000 0000
0000 0000 0000 0000 0000 0000 0000 0000
0000 0000 0000 0000 0000 0000 0000 0000
0000 0000 0000 0000 0000 0000 0000 0000
0000 0000 0000 0000 0000 0000 0000 0000
0000 0000 0000 0000 0000 0000 0000 0000
0000 0000 0000 0000 0000 0000 0000 0000
0000 0000 0000 0000 0000 0000 0000 0000
0000 0000 0000 0000 0000 0000 0000 0000
0000 0000 0000 0000 0000 0000 0000 0000
0000 0000 0000 0000 0000 0000 0000 0000
0000 0000 0000 0000 0000 0000 0000 0000
0000 0000 0000 0000 0000 0000 0000 0000
0000 0000 0000 0000 0000 0000 0000 0000
0000 0000 0000 0000 0000 0000 0000 0000
0000 0000 0000 0000 0000 0000 0000 0000
0000 0000 0000 0000 0000 0000 0000 0000
0000 0000 0000 0000 0000 0000 0000 0000
0000 0000 0000 0000 0000 0000 0000 0000
0000 0000 0000 0000 0000 0000 0000 0000
0000 0000 0000 0000 0000 0000 0000 0000
0000 0000 0000 0000 0000 0000 0000 0000
0000 0000 0000 0000 0000 0000 0000 0000
0000 0000 0000 0000 0000 0000 0000 0000
0000 0000 0000 0000 0000 0000 0000 0000
0000 0000 0000 0000 0000 0000 0000 0000
0000 0000 0000 0000 0000 0000 0000 0000
0000 0000 0000 0000 0000 0000 0000 0000
0000 0000 0000 0000 0000 0000 0000 0000
0000 0000 0000 0000 0000 0000 0000 0000
0000 0000 0000 0000 0000 0000 0000 0000
0000 0000 0000 0000 0000 0000 0000 0000
0000 0000 0000 0000 0000 0000 0000 0000
0000 0000 0000 0000 0000 0000 0000 0000
0000 0000 0000 0000 0000 0000 0000 0000
0000 0000 0000 0000 0000 0000 0000 0000
0000 0000 0000 0000 0000 0000 0000 0000
0000 0000 0000 0000 0000 0000 0000 0000
0000 0000 0000 0000 0000 0000 0000 0000
0000 0000 0000 0000 0000 0000 0000 0000
0000 0000 0000 0000 0000 0000 0000 0000
0000 0000 0000 0000 0000 0000 0000 0000
0000 0000 0000 0000 0000 0000 0000 0000
0000 0000 0000 0000 0000 0000 0000 0000
0000 0000 0000 0000 0000 0000 0000 0000
0000 0000 0000 0000 0000 0000 0000 0000
0000 0000 0000 0000 0000 0000 0000 0000
0000 0000 0000 0000 0000 0000 0000 0000
0000 0000 0000 0000 0000 0000 0000 0000
0000 0000 0000 0000 0000 0000 0000 0000
0000 0000 0000 0000 0000 0000 0000 0000
0000 0000 0000 0000 0000 0000 0000 0000
0000 0000 0000 0000 0000 0000 0000 0000
0000 0000 0000 0000 0000 0000 0000 0000
0000 0000 0000 0000 0000 0000 0000 0000
0000 0000 0000 0000 0000 0000 0000 0000
0000 0000 0000 0000 0000 0000 0000 0000
0000 0000 0000 0000 0000 0000 0000 0000
0000 0000 0000 0000 0000 0000 0000 0000
0000 0000 0000 0000 0000 0000 0000 0000
0000 0000 0000 0000 0000 0000 0000 0000
0000 0000 0000 0000 0000 0000 0000 0000
0000 0000 0000 0000 0000 0000 0000 0000
0000 0000 0000 0000 0000 0000 0000 0000
0000 0000 0000 0000 0000 0000 0000 0000
0000 0000 0000 0000 0000 0000 0000 0000
0000 0000 0000 0000 0000 0000 0000 0000
0000 0000 0000 0000 0000 0000 0000 0000
0000 0000 0000 0000 0000 0000 0000 0000
0000 0000 0000 0000 0000 0000 0000 0000
0000 0000 0000 0000 0000 0000 0000 0000
0000 0000 0000 0000 0000 0000 0000 0000
0000 0000 0000 0000 0000 0000 0000 0000
0000 0000 0000 0000 0000 0000 0000 0000
0000 0000 0000 0000 0000 0000 0000 0000
0000 0000 0000 0000 0000 0000 0000 0000
0000 0000 0000 0000 0000 0000 0000 0000
0000 0000 0000 0000 0000 0000 0000 0000
0000 0000 0000 0000 0000 0000 0000 0000
0000 0000 0000 0000 0000 0000 0000 0000
0000 0000 0000 0000 0000 0000 0000 0000
0000 0000 0000 0000 0000 0000 0000 0000
0000 0000 0000 0000 0000 0000 0000 0000
0000 0000 0000 0000 0000 0000 0000 0000
0000 0000 0000 0000 0000 0000 0000 0000
0000 0000 0000 0000 0000 0000 0000 0000
0000 0000 0000 0000 0000 0000 0000 0000
0000 0000 0000 0000 0000 0000 0000 0000
0000 0000 0000 0000 0000 0000 0000 0000
0000 0000 0000 0000 0000 0000 0000 0000
0000 0000 0000 0000 0000 0000 0000 0000
0000 0000 0000 0000 0000 0000 0000 0000
0000 0000 0000 0000 0000 0000 0000 0000
0000 0000 0000 0000 0000 0000 0000 0000
0000 0000 0000 0000 0000 0000 0000 0000
0000 0000 0000 0000 0000 0000 0000 0000
0000 0000 0000 0000 0000 0000 0000 0000
0000 0000 0000 0000 0000 0000 0000 0000
0000 0000 0000 0000 0000 0000 0000 0000
0000 0000 0000 0000 0000 0000 0000 0000
0000 0000 0000 0000 0000 0000 0000 0000
0000 0000 0000 0000 0000 0000 0000 0000
0000 0000 0000 0000 0000 0000 0000 0000
0000 0000 0000 0000 0000 0000 0000 0000
0000 0000 0000 0000 0000 0000 0000 0000
0000 0000 0000 0000 0000 0000 0000 0000
0000 0000 0000 0000 0000 0000 0000 0000
0000 0000 0000 0000 0000 0000 0000 0000
0000 0000 0000 0000 0000 0000 0000 0000
0000 0000 0000 0000 0000 0000 0000 0000
0000 0000 0000 0000 0000 0000 0000 0000
0000 0000 0000 0000 0000 0000 0000 0000
0000 0000 0000 0000 0000 0000 0000 0000
0000 0000 0000 0000 0000 0000 0000 0000
0000 0000 0000 0000 0000 0000 0000 0000
0000 0000 0000 0000 0000 0000 0000 0000
0000 0000 0000 0000 0000 0000 0000 0000
0000 0000 0000 0000 0000 0000 0000 0000
0000 0000 0000 0000 0000 0000 0000 0000
0000 0000 0000 0000 0000 0000 0000 0000
0000 0000 0000 0000 0000 0000 0000 0000
0000 0000 0000 0000 0000 0000 0000 0000
0000 0000 0000 0000 0000 0000 0000 0000
0000 0000 0000 0000 0000 0000 0000 0000
0000 0000 0000 0000 0000 0000 0000 0000
0000 0000 0000 0000 0000 0000 0000 0000
0000 0000 0000 0000 0000 0000 0000 0000
0000 0000 0000 0000 0000 0000 0000 0000
0000 0000 0000 0000 0000 0000 0000 0000
0000 0000 0000 0000 0000 0000 0000 0000
0000 0000 0000 0000 0000 0000 0000 0000
0000 0000 0000 0000 0000 0000 0000 0000
0000 0000 0000 0000 0000 0000 0000 0000
0000 0000 0000 0000 0000 0000 0000 0000
0000 0000 0000 0000 0000 0000 0000 0000
0000 0000 0000 0000 0000 0000 0000 0000
0000 0000 0000 0000 0000 0000 0000 0000
0000 0000 0000 0000 0000 0000 0000 0000
0000 0000 0000 0000 0000 0000 0000 0000
0000 0000 0000 0000 0000 0000 0000 0000
0000 0000 0000 0000 0000 0000 0000 0000
0000 0000 0000 0000 0000 0000 0000 0000
0000 0000 0000 0000 0000 0000 0000 0000
0000 0000 0000 0000 0000 0000 0000 0000
0000 0000 0000 0000 0000 0000 0000 0000
0000 0000 0000 0000 0000 0000 0000 0000
0000 0000 0000 0000 0000 0000 0000 0000
0000 0000 0000 0000 0000 0000 0000 0000
0000 0000 0000 0000 0000 0000 0000 0000
0000 0000 0000 0000 0000 0000 0000 0000
0000 0000 0000 0000 0000 0000 0000 0000
0000 0000 0000 0000 0000 0000 0000 0000
0000 0000 0000 0000 0000 0000 0000 0000
0000 0000 0000 0000 0000 0000 0000 0000
0000 0000 0000 0000 0000 0000 0000 0000
0000 0000 0000 0000 0000 0000 0000 0000
0000 0000 0000 0000 0000 0000 0000 0000
0000 0000 0000 0000 0000 0000 0000 0000
0000 0000 0000 0000 0000 0000 0000 0000
0000 0000 0000 0000 0000 0000 0000 0000
0000 0000 0000 0000 0000 0000 0000 0000
0000 0000 0000 0000 0000 0000 0000 0000
0000 0000 0000 0000 0000 0000 0000 0000
0000 0000 0000 0000 0000 0000 0000 0000
0000 0000 0000 0000 0000 0000 0000 0000
0000 0000 0000 0000 0000 0000 0000 0000
0000 0000 0000 0000 0000 0000 0000 0000
0000 0000 0000 0000 0000 0000 0000 0000
0000 0000 0000 0000 0000 0000 0000 0000
0000 0000 0000 0000 0000 0000 0000 0000
0000 0000 0000 0000 0000 0000 0000 0000
0000 0000 0000 0000 0000 0000 0000 0000
0000 0000 0000 0000 0000 0000 0000 0000
0000 0000 0000 0000 0000 0000 0000 0000
0000 0000 0000 0000 0000 0000 0000 0000
0000 0000 0000 0000 0000 0000 0000 0000
0000 0000 0000 0000 0000 0000 0000 0000
0000 0000 0000 0000 0000 0000 0000 0000
0000 0000 0000 0000 0000 0000 0000 0000
0000 0000 0000 0000 0000 0000 0000 0000
0000 0000 0000 0000 0000 0000 0000 0000
0000 0000 0000 0000 0000 0000 0000 0000
0000 0000 0000 0000 0000 0000 0000 0000
0000 0000 0000 0000 0000 0000 0000 0000
0000 0000 0000 0000 0000 0000 0000 0000
0000 0000 0000 0000 0000 0000 0000 0000
0000 0000 0000 0000 0000 0000 0000 0000
0000 0000 0000 0000 0000 0000 0000 0000
0000 0000 0000 0000 0000 0000 0000 0000
0000 0000 0000 0000 0000 0000 0000 0000
0000 0000 0000 0000 0000 0000 0000 0000
0000 0000 0000 0000 0000 0000 0000 0000
0000 0000 0000 0000 0000 0000 0000 0000
0000 0000 0000 0000 0000 0000 0000 0000
0000 0000 0000 0000 0000 0000 0000 0000
0000 0000 0000 0000 0000 0000 0000 0000
0000 0000 0000 0000 0000 0000 0000 0000
0000 0000 0000 0000 0000 0000 0000 0000
0000 0000 0000 0000 0000 0000 0000 0000
0000 0000 0000 0000 0000 0000 0000 0000
0000 0000 0000 0000 0000 0000 0000 0000
0000 0000 0000 0000 0000 0000 0000 0000
0000 0000 0000 0000 0000 0000 0000 0000
0000 0000 0000 0000 0000 0000 0000 0000
0000 0000 0000 0000 0000 0000 0000 0000
0000 0000 0000 0000 0000 0000 0000 0000
0000 0000 0000 0000 0000 0000 0000 0000
0000 0000 0000 0000 0000 0000 0000 0000
0000 0000 0000 0000 0000 0000 0000 0000
0000 0000 0000 0000 0000 0000 0000 0000
0000 0000 0000 0000 0000 0000 0000 0000
0000 0000 0000 0000 0000 0000 0000 0000
0000 0000 0000 0000 0000 0000 0000 0000
0000 0000 0000 0000 0000 0000 0000 0000
0000 0000 0000 0000 0000 0000 0000 0000
0000 0000 0000 0000 0000 0000 0000 0000
0000 0000 0000 0000 0000 0000 0000 0000
0000 0000 0000 0000 0000 0000 0000 0000
0000 0000 0000 0000 0000 0000 0000 0000
0000 0000 0000 0000 0000 0000 0000 0000
0000 0000 0000 0000 0000 0000 0000 0000
0000 0000 0000 0000 0000 0000 0000 0000
0000 0000 0000 0000 0000 0000 0000 0000
0000 0000 0000 0000 0000 0000 0000 0000
3009 0000 0000 0000 1d0b 0000 0000 0000
f008 0000 0000 0000 0100 0000 0000 0000
0100 0000 0000 0000 0100 0000 0000 0000
e500 0000 0000 0000 0c00 0000 0000 0000
9807 0000 0000 0000 0d00 0000 0000 0000
b40b 0000 0000 0000 1900 0000 0000 0000
701d 2000 0000 0000 1b00 0000 0000 0000
1000 0000 0000 0000 1a00 0000 0000 0000
801d 2000 0000 0000 1c00 0000 0000 0000
0800 0000 0000 0000 f5fe ff6f 0000 0000
9802 0000 0000 0000 0500 0000 0000 0000
2804 0000 0000 0000 0600 0000 0000 0000
c002 0000 0000 0000 0a00 0000 0000 0000
5001 0000 0000 0000 0b00 0000 0000 0000
1800 0000 0000 0000 1500 0000 0000 0000
0000 0000 0000 0000 0300 0000 0000 0000
881f 2000 0000 0000 0200 0000 0000 0000
9000 0000 0000 0000 1400 0000 0000 0000
0700 0000 0000 0000 1700 0000 0000 0000
0807 0000 0000 0000 0700 0000 0000 0000
e805 0000 0000 0000 0800 0000 0000 0000
2001 0000 0000 0000 0900 0000 0000 0000
1800 0000 0000 0000 1e00 0000 0000 0000
0800 0000 0000 0000 fbff ff6f 0000 0000
0100 0008 0000 0000 feff ff6f 0000 0000
9805 0000 0000 0000 ffff ff6f 0000 0000
0200 0000 0000 0000 f0ff ff6f 0000 0000
7805 0000 0000 0000 f9ff ff6f 0000 0000
0400 0000 0000 0000 0000 0000 0000 0000
0000 0000 0000 0000 0000 0000 0000 0000
0000 0000 0000 0000 0000 0000 0000 0000
0000 0000 0000 0000 0000 0000 0000 0000
0000 0000 0000 0000 0000 0000 0000 0000
0000 0000 0000 0000 881d 2000 0000 0000
0000 0000 0000 0000 0000 0000 0000 0000
c607 0000 0000 0000 d607 0000 0000 0000
e607 0000 0000 0000 f607 0000 0000 0000
0608 0000 0000 0000 1608 0000 0000 0000
0000 0000 0000 0000 0000 0000 0000 0000
0000 0000 0000 0000 0000 0000 0000 0000
0000 0000 0000 0000 0000 0000 0000 0000
0000 0000 0000 0000 0820 2000 0000 0000
4743 433a 2028 5562 756e 7475 2037 2e35
2e30 2d33 7562 756e 7475 317e 3138 2e30
3429 2037 2e35 2e30 0000 0000 0000 0000
0000 0000 0000 0000 0000 0000 0000 0000
0000 0000 0000 0000 0000 0000 0300 0100
3802 0000 0000 0000 0000 0000 0000 0000
0000 0000 0300 0200 5402 0000 0000 0000
0000 0000 0000 0000 0000 0000 0300 0300
7402 0000 0000 0000 0000 0000 0000 0000
0000 0000 0300 0400 9802 0000 0000 0000
0000 0000 0000 0000 0000 0000 0300 0500
c002 0000 0000 0000 0000 0000 0000 0000
0000 0000 0300 0600 2804 0000 0000 0000
0000 0000 0000 0000 0000 0000 0300 0700
7805 0000 0000 0000 0000 0000 0000 0000
0000 0000 0300 0800 9805 0000 0000 0000
0000 0000 0000 0000 0000 0000 0300 0900
e805 0000 0000 0000 0000 0000 0000 0000
0000 0000 0300 0a00 0807 0000 0000 0000
0000 0000 0000 0000 0000 0000 0300 0b00
9807 0000 0000 0000 0000 0000 0000 0000
0000 0000 0300 0c00 b007 0000 0000 0000
0000 0000 0000 0000 0000 0000 0300 0d00
2008 0000 0000 0000 0000 0000 0000 0000
0000 0000 0300 0e00 3008 0000 0000 0000
0000 0000 0000 0000 0000 0000 0300 0f00
b40b 0000 0000 0000 0000 0000 0000 0000
0000 0000 0300 1000 c00b 0000 0000 0000
0000 0000 0000 0000 0000 0000 0300 1100
080c 0000 0000 0000 0000 0000 0000 0000
0000 0000 0300 1200 600c 0000 0000 0000
0000 0000 0000 0000 0000 0000 0300 1300
701d 2000 0000 0000 0000 0000 0000 0000
0000 0000 0300 1400 801d 2000 0000 0000
0000 0000 0000 0000 0000 0000 0300 1500
881d 2000 0000 0000 0000 0000 0000 0000
0000 0000 0300 1600 881f 2000 0000 0000
0000 0000 0000 0000 0000 0000 0300 1700
0020 2000 0000 0000 0000 0000 0000 0000
0000 0000 0300 1800 2020 2000 0000 0000
0000 0000 0000 0000 0000 0000 0300 1900
0000 0000 0000 0000 0000 0000 0000 0000
0100 0000 0400 f1ff 0000 0000 0000 0000
0000 0000 0000 0000 0c00 0000 0200 0e00
6008 0000 0000 0000 0000 0000 0000 0000
0e00 0000 0200 0e00 a008 0000 0000 0000
0000 0000 0000 0000 2100 0000 0200 0e00
f008 0000 0000 0000 0000 0000 0000 0000
3700 0000 0100 1800 5822 2000 0000 0000
0100 0000 0000 0000 4600 0000 0100 1400
801d 2000 0000 0000 0000 0000 0000 0000
6d00 0000 0200 0e00 3009 0000 0000 0000
0000 0000 0000 0000 7900 0000 0100 1300
701d 2000 0000 0000 0000 0000 0000 0000
9800 0000 0400 f1ff 0000 0000 0000 0000
0000 0000 0000 0000 a900 0000 0100 1000
c80b 0000 0000 0000 0100 0000 0000 0000
c400 0000 0100 1800 5922 2000 0000 0000
0100 0000 0000 0000 d300 0000 0200 0e00
d40a 0000 0000 0000 4900 0000 0000 0000
0301 0000 0200 0e00 1d0b 0000 0000 0000
1500 0000 0000 0000 0100 0000 0400 f1ff
0000 0000 0000 0000 0000 0000 0000 0000
2901 0000 0100 1200 c40d 0000 0000 0000
0000 0000 0000 0000 0000 0000 0400 f1ff
0000 0000 0000 0000 0000 0000 0000 0000
3701 0000 0000 1100 080c 0000 0000 0000
0000 0000 0000 0000 4a01 0000 0100 1500
881d 2000 0000 0000 0000 0000 0000 0000
5301 0000 0000 1300 801d 2000 0000 0000
0000 0000 0000 0000 6401 0000 0000 1300
701d 2000 0000 0000 0000 0000 0000 0000
7701 0000 0100 1600 881f 2000 0000 0000
0000 0000 0000 0000 8d01 0000 1000 1700
1020 2000 0000 0000 0000 0000 0000 0000
8902 0000 2000 1700 0020 2000 0000 0000
0000 0000 0000 0000 9401 0000 1100 1000
c00b 0000 0000 0000 0400 0000 0000 0000
a301 0000 2200 0000 0000 0000 0000 0000
0000 0000 0000 0000 bf01 0000 1200 0e00
bf09 0000 0000 0000 1501 0000 0000 0000
c401 0000 1102 1700 0820 2000 0000 0000
0000 0000 0000 0000 d101 0000 1200 0000
0000 0000 0000 0000 0000 0000 0000 0000
1203 0000 1200 0f00 b40b 0000 0000 0000
0000 0000 0000 0000 e901 0000 1200 0000
0000 0000 0000 0000 0000 0000 0000 0000
8d02 0000 1200 0e00 3008 0000 0000 0000
2b00 0000 0000 0000 0302 0000 1200 0000
0000 0000 0000 0000 0000 0000 0000 0000
4802 0000 1200 0000 0000 0000 0000 0000
0000 0000 0000 0000 cf02 0000 1200 0b00
9807 0000 0000 0000 0000 0000 0000 0000
6402 0000 1102 1700 1020 2000 0000 0000
0000 0000 0000 0000 7002 0000 1100 1800
2020 2000 0000 0000 1001 0000 0000 0000
8702 0000 1000 1700 0020 2000 0000 0000
0000 0000 0000 0000 5f01 0000 1000 1800
6022 2000 0000 0000 0000 0000 0000 0000
9402 0000 1000 1800 1020 2000 0000 0000
0000 0000 0000 0000 a002 0000 1200 0000
0000 0000 0000 0000 0000 0000 0000 0000
c502 0000 1200 0e00 400b 0000 0000 0000
6500 0000 0000 0000 d502 0000 1200 0000
0000 0000 0000 0000 0000 0000 0000 0000
ec02 0000 2000 0000 0000 0000 0000 0000
0000 0000 0000 0000 0803 0000 1200 0e00
b00b 0000 0000 0000 0200 0000 0000 0000
1803 0000 1100 1800 4021 2000 0000 0000
1801 0000 0000 0000 2e03 0000 1200 0000
0000 0000 0000 0000 0000 0000 0000 0000
4d03 0000 2000 0000 0000 0000 0000 0000
0000 0000 0000 0000 5c03 0000 2000 0000
0000 0000 0000 0000 0000 0000 0000 0000
1201 0000 1200 0e00 3a09 0000 0000 0000
8500 0000 0000 0000 7603 0000 1200 0000
0000 0000 0000 0000 0000 0000 0000 0000
0063 7274 7374 7566 662e 6300 6465 7265
6769 7374 6572 5f74 6d5f 636c 6f6e 6573
005f 5f64 6f5f 676c 6f62 616c 5f64 746f
7273 5f61 7578 0063 6f6d 706c 6574 6564
2e37 3639 3800 5f5f 646f 5f67 6c6f 6261
6c5f 6474 6f72 735f 6175 785f 6669 6e69
5f61 7272 6179 5f65 6e74 7279 0066 7261
6d65 5f64 756d 6d79 005f 5f66 7261 6d65
5f64 756d 6d79 5f69 6e69 745f 6172 7261
795f 656e 7472 7900 6269 6e61 7279 5365
6172 6368 2e63 7070 005f 5a53 744c 3139
7069 6563 6577 6973 655f 636f 6e73 7472
7563 7400 5f5a 5374 4c38 5f5f 696f 696e
6974 005f 5a34 315f 5f73 7461 7469 635f
696e 6974 6961 6c69 7a61 7469 6f6e 5f61
6e64 5f64 6573 7472 7563 7469 6f6e 5f30
6969 005f 474c 4f42 414c 5f5f 7375 625f
495f 5f5a 3133 6269 6e61 7279 5f73 6561
7263 6869 6969 5069 005f 5f46 5241 4d45
5f45 4e44 5f5f 005f 5f47 4e55 5f45 485f
4652 414d 455f 4844 5200 5f44 594e 414d
4943 005f 5f69 6e69 745f 6172 7261 795f
656e 6400 5f5f 696e 6974 5f61 7272 6179
5f73 7461 7274 005f 474c 4f42 414c 5f4f
4646 5345 545f 5441 424c 455f 005f 6564
6174 6100 5f49 4f5f 7374 6469 6e5f 7573
6564 005f 5f63 7861 5f66 696e 616c 697a
6540 4047 4c49 4243 5f32 2e32 2e35 006d
6169 6e00 5f5f 6473 6f5f 6861 6e64 6c65
005f 5a4e 5369 7273 4552 6940 4047 4c49
4243 5858 5f33 2e34 005f 5f63 7861 5f61
7465 7869 7440 4047 4c49 4243 5f32 2e32
2e35 005f 5a53 746c 7349 5374 3131 6368
6172 5f74 7261 6974 7349 6345 4552 5374
3133 6261 7369 635f 6f73 7472 6561 6d49
6354 5f45 5335 5f50 4b63 4040 474c 4942
4358 585f 332e 3400 5f5f 7374 6163 6b5f
6368 6b5f 6661 696c 4040 474c 4942 435f
322e 3400 5f5f 544d 435f 454e 445f 5f00
5f5a 5374 3463 6f75 7440 4047 4c49 4243
5858 5f33 2e34 005f 5f64 6174 615f 7374
6172 7400 5f5f 6273 735f 7374 6172 7400
5f5a 4e53 7438 696f 735f 6261 7365 3449
6e69 7443 3145 7640 4047 4c49 4243 5858
5f33 2e34 005f 5f6c 6962 635f 6373 755f
696e 6974 005f 5a4e 536f 6c73 4569 4040
474c 4942 4358 585f 332e 3400 5f49 544d
5f64 6572 6567 6973 7465 7254 4d43 6c6f
6e65 5461 626c 6500 5f5f 6c69 6263 5f63
7375 5f66 696e 6900 5f5a 5374 3363 696e
4040 474c 4942 4358 585f 332e 3400 5f5f
6c69 6263 5f73 7461 7274 5f6d 6169 6e40
4047 4c49 4243 5f32 2e32 2e35 005f 5f67
6d6f 6e5f 7374 6172 745f 5f00 5f49 544d
5f72 6567 6973 7465 7254 4d43 6c6f 6e65
5461 626c 6500 5f5a 4e53 7438 696f 735f
6261 7365 3449 6e69 7444 3145 7640 4047
4c49 4243 5858 5f33 2e34 0000 2e73 796d
7461 6200 2e73 7472 7461 6200 2e73 6873
7472 7461 6200 2e69 6e74 6572 7000 2e6e
6f74 652e 4142 492d 7461 6700 2e6e 6f74
652e 676e 752e 6275 696c 642d 6964 002e
676e 752e 6861 7368 002e 6479 6e73 796d
002e 6479 6e73 7472 002e 676e 752e 7665
7273 696f 6e00 2e67 6e75 2e76 6572 7369
6f6e 5f72 002e 7265 6c61 2e64 796e 002e
7265 6c61 2e70 6c74 002e 696e 6974 002e
706c 742e 676f 7400 2e74 6578 7400 2e66
696e 6900 2e72 6f64 6174 6100 2e65 685f
6672 616d 655f 6864 7200 2e65 685f 6672
616d 6500 2e69 6e69 745f 6172 7261 7900
2e66 696e 695f 6172 7261 7900 2e64 796e
616d 6963 002e 6461 7461 002e 6273 7300
2e63 6f6d 6d65 6e74 0000 0000 0000 0000
0000 0000 0000 0000 0000 0000 0000 0000
0000 0000 0000 0000 0000 0000 0000 0000
0000 0000 0000 0000 0000 0000 0000 0000
0000 0000 0000 0000 0000 0000 0000 0000
1b00 0000 0100 0000 0200 0000 0000 0000
3802 0000 0000 0000 3802 0000 0000 0000
1c00 0000 0000 0000 0000 0000 0000 0000
0100 0000 0000 0000 0000 0000 0000 0000
2300 0000 0700 0000 0200 0000 0000 0000
5402 0000 0000 0000 5402 0000 0000 0000
2000 0000 0000 0000 0000 0000 0000 0000
0400 0000 0000 0000 0000 0000 0000 0000
3100 0000 0700 0000 0200 0000 0000 0000
7402 0000 0000 0000 7402 0000 0000 0000
2400 0000 0000 0000 0000 0000 0000 0000
0400 0000 0000 0000 0000 0000 0000 0000
4400 0000 f6ff ff6f 0200 0000 0000 0000
9802 0000 0000 0000 9802 0000 0000 0000
2800 0000 0000 0000 0500 0000 0000 0000
0800 0000 0000 0000 0000 0000 0000 0000
4e00 0000 0b00 0000 0200 0000 0000 0000
c002 0000 0000 0000 c002 0000 0000 0000
6801 0000 0000 0000 0600 0000 0100 0000
0800 0000 0000 0000 1800 0000 0000 0000
5600 0000 0300 0000 0200 0000 0000 0000
2804 0000 0000 0000 2804 0000 0000 0000
5001 0000 0000 0000 0000 0000 0000 0000
0100 0000 0000 0000 0000 0000 0000 0000
5e00 0000 ffff ff6f 0200 0000 0000 0000
7805 0000 0000 0000 7805 0000 0000 0000
1e00 0000 0000 0000 0500 0000 0000 0000
0200 0000 0000 0000 0200 0000 0000 0000
6b00 0000 feff ff6f 0200 0000 0000 0000
9805 0000 0000 0000 9805 0000 0000 0000
5000 0000 0000 0000 0600 0000 0200 0000
0800 0000 0000 0000 0000 0000 0000 0000
7a00 0000 0400 0000 0200 0000 0000 0000
e805 0000 0000 0000 e805 0000 0000 0000
2001 0000 0000 0000 0500 0000 0000 0000
0800 0000 0000 0000 1800 0000 0000 0000
8400 0000 0400 0000 4200 0000 0000 0000
0807 0000 0000 0000 0807 0000 0000 0000
9000 0000 0000 0000 0500 0000 1600 0000
0800 0000 0000 0000 1800 0000 0000 0000
8e00 0000 0100 0000 0600 0000 0000 0000
9807 0000 0000 0000 9807 0000 0000 0000
1700 0000 0000 0000 0000 0000 0000 0000
0400 0000 0000 0000 0000 0000 0000 0000
8900 0000 0100 0000 0600 0000 0000 0000
b007 0000 0000 0000 b007 0000 0000 0000
7000 0000 0000 0000 0000 0000 0000 0000
1000 0000 0000 0000 1000 0000 0000 0000
9400 0000 0100 0000 0600 0000 0000 0000
2008 0000 0000 0000 2008 0000 0000 0000
0800 0000 0000 0000 0000 0000 0000 0000
0800 0000 0000 0000 0800 0000 0000 0000
9d00 0000 0100 0000 0600 0000 0000 0000
3008 0000 0000 0000 3008 0000 0000 0000
8203 0000 0000 0000 0000 0000 0000 0000
1000 0000 0000 0000 0000 0000 0000 0000
a300 0000 0100 0000 0600 0000 0000 0000
b40b 0000 0000 0000 b40b 0000 0000 0000
0900 0000 0000 0000 0000 0000 0000 0000
0400 0000 0000 0000 0000 0000 0000 0000
a900 0000 0100 0000 0200 0000 0000 0000
c00b 0000 0000 0000 c00b 0000 0000 0000
4700 0000 0000 0000 0000 0000 0000 0000
0800 0000 0000 0000 0000 0000 0000 0000
b100 0000 0100 0000 0200 0000 0000 0000
080c 0000 0000 0000 080c 0000 0000 0000
5400 0000 0000 0000 0000 0000 0000 0000
0400 0000 0000 0000 0000 0000 0000 0000
bf00 0000 0100 0000 0200 0000 0000 0000
600c 0000 0000 0000 600c 0000 0000 0000
6801 0000 0000 0000 0000 0000 0000 0000
0800 0000 0000 0000 0000 0000 0000 0000
c900 0000 0e00 0000 0300 0000 0000 0000
701d 2000 0000 0000 701d 0000 0000 0000
1000 0000 0000 0000 0000 0000 0000 0000
0800 0000 0000 0000 0800 0000 0000 0000
d500 0000 0f00 0000 0300 0000 0000 0000
801d 2000 0000 0000 801d 0000 0000 0000
0800 0000 0000 0000 0000 0000 0000 0000
0800 0000 0000 0000 0800 0000 0000 0000
e100 0000 0600 0000 0300 0000 0000 0000
881d 2000 0000 0000 881d 0000 0000 0000
0002 0000 0000 0000 0600 0000 0000 0000
0800 0000 0000 0000 1000 0000 0000 0000
9800 0000 0100 0000 0300 0000 0000 0000
881f 2000 0000 0000 881f 0000 0000 0000
7800 0000 0000 0000 0000 0000 0000 0000
0800 0000 0000 0000 0800 0000 0000 0000
ea00 0000 0100 0000 0300 0000 0000 0000
0020 2000 0000 0000 0020 0000 0000 0000
1000 0000 0000 0000 0000 0000 0000 0000
0800 0000 0000 0000 0000 0000 0000 0000
f000 0000 0800 0000 0300 0000 0000 0000
2020 2000 0000 0000 1020 0000 0000 0000
4002 0000 0000 0000 0000 0000 0000 0000
2000 0000 0000 0000 0000 0000 0000 0000
f500 0000 0100 0000 3000 0000 0000 0000
0000 0000 0000 0000 1020 0000 0000 0000
2900 0000 0000 0000 0000 0000 0000 0000
0100 0000 0000 0000 0100 0000 0000 0000
0100 0000 0200 0000 0000 0000 0000 0000
0000 0000 0000 0000 4020 0000 0000 0000
2007 0000 0000 0000 1b00 0000 2f00 0000
0800 0000 0000 0000 1800 0000 0000 0000
0900 0000 0300 0000 0000 0000 0000 0000
0000 0000 0000 0000 6027 0000 0000 0000
9b03 0000 0000 0000 0000 0000 0000 0000
0100 0000 0000 0000 0000 0000 0000 0000
1100 0000 0300 0000 0000 0000 0000 0000
0000 0000 0000 0000 fb2a 0000 0000 0000
fe00 0000 0000 0000 0000 0000 0000 0000
0100 0000 0000 0000 0000 0000 0000 0000
